0 0.527513 0.633286 0.256096 0.080533
0 0.527513 0.633286 0.256096 0.080533
0 0.527513 0.633286 0.256096 0.080533
0 0.527513 0.633286 0.256096 0.080533
0 0.527513 0.633286 0.256096 0.080533
0 0.527513 0.633286 0.256096 0.080533
0 0.527513 0.633286 0.256096 0.080533
0 0.527513 0.633286 0.256096 0.080533
0 0.527513 0.633286 0.256096 0.080533
0 0.527513 0.633286 0.256096 0.080533
0 0.527513 0.633286 0.256096 0.080533
0 0.527513 0.633286 0.256096 0.080533
0 0.527513 0.633286 0.256096 0.080533
0 0.527513 0.633286 0.256096 0.080533
0 0.527513 0.633286 0.256096 0.080533
0 0.527513 0.633286 0.256096 0.080533
0 0.527513 0.633286 0.256096 0.080533
